ugenr;Region Hovedstaden;Region Midtjylland;Region Nordjylland;Region Sj√¶lland;Region Syddanmark;Statens Serum Institut;Testcenter Danmark;Total;Kumulativ_total
Uge 5;1;0;0;0;0;2;0;3;3
Uge 6;2;2;0;0;0;0;1;5;8
Uge 7;3;0;0;0;0;1;0;4;12
Uge 8;1;0;0;0;0;11;0;12;24
Uge 9;39;118;0;0;0;334;0;491;515
Uge 10;285;321;85;95;72;140;0;998;1513
Uge 11;1678;1510;369;706;812;2;0;5077;6590
Uge 12;2727;1877;445;997;1578;34;0;7658;14248
Uge 13;4526;1462;732;1447;1862;541;0;10570;24818
Uge 14;12959;4807;2486;3358;5260;594;0;29464;54282
Uge 15;12660;5048;2620;2787;4817;457;56;28445;82727
Uge 16;12482;5307;2370;3022;5124;578;34;28917;111644
Uge 17;25031;13755;8639;11753;13630;573;6171;79552;191196
Uge 18;30163;18780;8061;13156;16512;342;15320;102334;293530
Uge 19;29076;13750;5449;11337;11905;158;15430;87105;380635
Uge 20;30904;15260;5839;10304;14004;61;11464;87836;468471
Uge 21;23950;11549;4677;8006;10928;16;25279;84405;552876
Uge 22;22548;10432;4193;7207;9626;22;36113;90141;643017
Uge 23;20420;9276;3810;7008;9237;8;26623;76382;719399
Uge 24;26045;12769;5412;8886;12661;15;31446;97234;816633
Uge 25;28665;13474;8123;9379;14318;6;40756;114721;931354
Uge 26;27265;13251;6865;9556;13690;5;44877;115509;1046863
Uge 27;23146;11303;5984;7159;11596;3;45392;104583;1151446
Uge 28;21402;10387;5751;6696;10786;3;44166;99191;1250637
Uge 29;20587;9706;5222;7065;11184;6;50472;104242;1354879
Uge 30;20026;9401;4780;6224;10429;0;58796;109656;1464535
Uge 31;21625;11358;5578;7359;11810;0;76932;134662;1599197
Uge 32;25873;16411;7093;8963;15229;0;99497;173066;1772263
Uge 33;30874;20376;9254;11341;18397;0;129235;219477;1991740
Uge 34;35157;24225;12621;14624;27251;9;132059;245946;2237686
Uge 35;41402;25668;13119;15977;30762;0;119735;246663;2484349
Uge 36;43567;25322;12982;15866;32318;0;129044;259099;2743448
Uge 37;53944;25344;13673;17025;35044;8;191361;336399;3079847
Uge 38;50848;25408;14906;15620;30625;0;221114;358521;3438368
Uge 39;50203;28616;13662;15243;30863;0;217562;356149;3794517
Uge 40;40463;23726;10617;12657;24454;0;200863;312780;4107297
Uge 41;34932;20134;8720;10834;21835;0;205827;302282;4409579
Uge 42;27581;14401;6811;7784;15703;1;171746;244027;4653606
Uge 43;32469;16267;8100;9154;18042;0;260151;344183;4997789
26. oktober;6139;2623;1620;1830;3134;0;52032;67378;5065167
27. oktober;5942;2285;1446;1573;2871;0;58820;72937;5138104
28. oktober;5808;2393;1336;1740;2722;0;32369;46368;5184472
29. oktober*;4319;1406;1226;1255;1629;0;170;10005;5194477
30. oktober*;3;2;0;0;5;0;2;12;5194489
Total;907740;479510;234676;304993;512725;3930;2750915;5194489;5194489
