ugenr;Region Hovedstaden;Region Midtjylland;Region Nordjylland;Region Sj√¶lland;Region Syddanmark;Statens Serum Institut;Testcenter Danmark;Total;Kumulativ_total
Uge 5;1;0;0;0;0;1;0;2;2
Uge 6;2;2;0;0;0;0;1;5;7
Uge 7;3;0;0;0;0;1;0;4;11
Uge 8;1;0;0;0;0;11;0;12;23
Uge 9;39;118;0;0;0;334;0;491;514
Uge 10;285;321;85;95;72;140;0;998;1512
Uge 11;1678;1510;369;706;812;2;0;5077;6589
Uge 12;2727;1877;445;997;1578;35;0;7659;14248
Uge 13;4526;1462;732;1447;1862;544;0;10573;24821
Uge 14;12958;4807;2486;3358;5260;594;0;29463;54284
Uge 15;12660;5048;2620;2787;4817;457;49;28438;82722
Uge 16;12482;5307;2370;3022;5124;578;34;28917;111639
Uge 17;25031;13755;8639;11753;13630;573;6171;79552;191191
Uge 18;30163;18772;8061;13156;16512;342;15320;102326;293517
Uge 19;29076;13749;5449;11337;11910;158;15430;87109;380626
Uge 20;30904;15254;5839;10304;14004;61;11464;87830;468456
Uge 21;23950;11501;4676;8006;10926;16;25279;84354;552810
Uge 22;22541;10418;4193;7205;9622;22;36113;90114;642924
Uge 23;20411;9265;3810;7007;9236;8;26623;76360;719284
Uge 24;26026;12755;5411;8886;12655;15;31450;97198;816482
Uge 25;28323;13428;8077;9370;14281;6;40750;114235;930717
22. juni*;3277;1990;594;976;1746;0;14;8597;939314
23. juni*;40;21;0;2;9;0;0;72;939386
Total;287104;141360;63856;100414;134056;3898;208698;939386;939386
