ugenr;Region Hovedstaden;Region Midtjylland;Region Nordjylland;Region Sj√¶lland;Region Syddanmark;Statens Serum Institut;Testcenter Danmark;Total;Kumulativ_total
Uge 5;1;0;0;0;0;1;0;2;2
Uge 6;2;2;0;0;0;0;1;5;7
Uge 7;3;0;0;0;0;1;0;4;11
Uge 8;1;0;0;0;0;11;0;12;23
Uge 9;39;118;0;0;0;334;0;491;514
Uge 10;285;321;85;95;72;140;0;998;1512
Uge 11;1678;1510;369;706;812;2;0;5077;6589
Uge 12;2727;1877;445;997;1578;35;0;7659;14248
Uge 13;4526;1462;732;1447;1862;543;0;10572;24820
Uge 14;12958;4807;2486;3358;5260;594;0;29463;54283
Uge 15;12660;5048;2620;2787;4817;457;49;28438;82721
Uge 16;12482;5307;2370;3022;5124;578;34;28917;111638
Uge 17;25031;13755;8639;11753;13630;573;6171;79552;191190
Uge 18;30163;18772;8061;13156;16512;342;15320;102326;293516
Uge 19;29076;13749;5449;11337;11905;158;15430;87104;380620
Uge 20;30904;15254;5839;10304;14004;61;11464;87830;468450
Uge 21;23950;11500;4676;8006;10928;16;25279;84355;552805
Uge 22;22542;10428;4193;7207;9626;22;36113;90131;642936
Uge 23;20413;9276;3810;7008;9237;8;26623;76375;719311
Uge 24;26028;12764;5412;8886;12660;15;31448;97213;816524
Uge 25;28638;13471;8123;9377;14317;6;40757;114689;931213
Uge 26;27255;13243;6864;9553;13684;5;44877;115481;1046694
Uge 27;23132;11298;5983;7157;11595;3;45393;104561;1151255
Uge 28;21384;10375;5750;6696;10783;1;44166;99155;1250410
13. juli;3835;2031;1111;1465;2096;0;7929;18467;1268877
14. juli;3350;1841;872;945;1908;0;7313;16229;1285106
15. juli*;2576;834;418;532;1338;0;20;5718;1290824
16. juli*;38;21;0;3;2;0;0;64;1290888
Total;365677;179064;84307;125797;173750;3906;358387;1290888;1290888
