ugenr;Region Hovedstaden;Region Midtjylland;Region Nordjylland;Region Sj√¶lland;Region Syddanmark;Statens Serum Institut;Testcenter Danmark;Total;Kumulativ_total
Uge 5;1;0;0;0;0;2;0;3;3
Uge 6;2;2;0;0;0;0;1;5;8
Uge 7;3;0;0;0;0;1;0;4;12
Uge 8;1;0;0;0;0;11;0;12;24
Uge 9;39;118;0;0;0;334;0;491;515
Uge 10;285;321;85;95;72;140;0;998;1513
Uge 11;1678;1510;369;706;812;2;0;5077;6590
Uge 12;2727;1877;445;997;1578;34;0;7658;14248
Uge 13;4526;1462;732;1447;1862;542;0;10571;24819
Uge 14;12958;4807;2486;3358;5260;594;0;29463;54282
Uge 15;12660;5048;2620;2787;4817;457;49;28438;82720
Uge 16;12482;5307;2370;3022;5124;578;34;28917;111637
Uge 17;25031;13755;8639;11753;13630;573;6171;79552;191189
Uge 18;30163;18773;8061;13156;16512;342;15320;102327;293516
Uge 19;29076;13749;5449;11337;11905;158;15430;87104;380620
Uge 20;30904;15254;5839;10304;14004;61;11464;87830;468450
Uge 21;23950;11500;4676;8006;10928;16;25279;84355;552805
Uge 22;22548;10432;4193;7207;9626;22;36113;90141;642946
Uge 23;20420;9277;3810;7008;9237;8;26623;76383;719329
Uge 24;26045;12765;5412;8886;12660;15;31447;97230;816559
Uge 25;28665;13472;8123;9379;14318;6;40756;114719;931278
Uge 26;27265;13250;6865;9556;13690;5;44877;115508;1046786
Uge 27;23146;11302;5984;7158;11596;3;45393;104582;1151368
Uge 28;21402;10386;5751;6696;10787;3;44166;99191;1250559
Uge 29;20588;9705;5222;7065;11184;6;50471;104241;1354800
Uge 30;20027;9387;4780;6223;10412;0;58763;109592;1464392
Uge 31;21624;11348;5576;7355;11807;0;76932;134642;1599034
Uge 32;25870;16392;7092;8962;15192;0;99125;172633;1771667
Uge 33;30873;20359;9253;11338;18387;0;129235;219445;1991112
17. august;5582;3424;1704;2247;3889;0;19342;36188;2027300
18. august;5511;3419;1972;2376;4196;0;20593;38067;2065367
19. august;4948;3714;2024;2116;4112;0;13147;30061;2095428
20. august*;3461;1191;1200;967;2380;0;44;9243;2104671
21. august*;57;14;0;1;4;0;0;76;2104747
Total;494518;253320;120732;171508;249981;3913;810775;2104747;2104747
