ugenr;Region Hovedstaden;Region Midtjylland;Region Nordjylland;Region Sj√¶lland;Region Syddanmark;Statens Serum Institut;Testcenter Danmark;Total;Kumulativ_total
Uge 5;1;0;0;0;0;1;0;2;2
Uge 6;2;2;0;0;0;0;1;5;7
Uge 7;3;0;0;0;0;1;0;4;11
Uge 8;1;0;0;0;0;11;0;12;23
Uge 9;39;118;0;0;0;334;0;491;514
Uge 10;285;321;85;95;72;140;0;998;1512
Uge 11;1678;1510;369;706;812;2;0;5077;6589
Uge 12;2727;1877;445;997;1578;35;0;7659;14248
Uge 13;4526;1462;732;1447;1862;544;0;10573;24821
Uge 14;12958;4807;2486;3358;5260;594;0;29463;54284
Uge 15;12660;5048;2620;2787;4817;457;49;28438;82722
Uge 16;12482;5307;2370;3022;5124;578;34;28917;111639
Uge 17;25031;13755;8639;11753;13630;573;6171;79552;191191
Uge 18;30163;18772;8061;13156;16512;342;15320;102326;293517
Uge 19;29076;13749;5449;11337;11905;158;15430;87104;380621
Uge 20;30904;15254;5839;10304;14004;61;11464;87830;468451
Uge 21;23950;11500;4676;8006;10927;16;25279;84354;552805
Uge 22;22541;10424;4193;7206;9624;22;36113;90123;642928
Uge 23;20411;9266;3810;7007;9236;8;26623;76361;719289
Uge 24;26027;12761;5411;8886;12655;15;31450;97205;816494
Uge 25;28636;13455;8122;9376;14307;6;40758;114660;931154
22. juni;5090;2342;1512;2155;3039;0;7502;21640;952794
23. juni;4699;2536;1240;1873;2646;0;8069;21063;973857
24. juni;4055;2312;1038;1582;2394;0;7685;19066;992923
25. juni*;2537;904;371;656;1300;0;9;5777;998700
26. juni*;0;23;0;6;7;0;0;36;998736
Total;300482;147505;67468;105715;141711;3898;231957;998736;998736
