ugenr;Region Hovedstaden;Region Midtjylland;Region Nordjylland;Region Sj√¶lland;Region Syddanmark;Statens Serum Institut;Testcenter Danmark;Total;Kumulativ_total
Uge 5;1;0;0;0;0;2;0;3;3
Uge 6;2;2;0;0;0;0;1;5;8
Uge 7;3;0;0;0;0;1;0;4;12
Uge 8;1;0;0;0;0;11;0;12;24
Uge 9;39;118;0;0;0;334;0;491;515
Uge 10;285;321;85;95;72;140;0;998;1513
Uge 11;1678;1510;369;706;812;2;0;5077;6590
Uge 12;2727;1877;445;997;1578;34;0;7658;14248
Uge 13;4526;1462;732;1447;1862;541;0;10570;24818
Uge 14;12959;4807;2486;3358;5260;594;0;29464;54282
Uge 15;12660;5048;2620;2787;4817;457;56;28445;82727
Uge 16;12482;5307;2370;3022;5124;578;34;28917;111644
Uge 17;25031;13755;8639;11753;13630;573;6171;79552;191196
Uge 18;30163;18780;8061;13156;16512;342;15320;102334;293530
Uge 19;29076;13749;5449;11337;11905;158;15430;87104;380634
Uge 20;30904;15260;5839;10304;14004;61;11464;87836;468470
Uge 21;23950;11548;4677;8006;10928;16;25279;84404;552874
Uge 22;22548;10432;4193;7207;9626;22;36113;90141;643015
Uge 23;20420;9276;3810;7008;9237;8;26623;76382;719397
Uge 24;26045;12769;5412;8886;12661;15;31446;97234;816631
Uge 25;28665;13473;8123;9379;14318;6;40756;114720;931351
Uge 26;27265;13251;6865;9556;13690;5;44877;115509;1046860
Uge 27;23146;11304;5984;7159;11596;3;45392;104584;1151444
Uge 28;21402;10385;5751;6696;10786;3;44166;99189;1250633
Uge 29;20587;9705;5222;7065;11184;6;50472;104241;1354874
Uge 30;20026;9400;4780;6224;10429;0;58796;109655;1464529
Uge 31;21625;11356;5578;7358;11810;0;76932;134659;1599188
Uge 32;25873;16407;7093;8963;15229;0;99497;173062;1772250
Uge 33;30874;20375;9254;11341;18397;0;129235;219476;1991726
Uge 34;35155;24225;12620;14624;27251;9;132060;245944;2237670
Uge 35;41357;25648;13119;15976;30759;0;119735;246594;2484264
Uge 36;43553;25306;12982;15866;32315;0;129045;259067;2743331
Uge 37;53931;25318;13673;17020;35041;0;191357;336340;3079671
14. september;9091;4384;2429;2989;5463;0;32485;56841;3136512
15. september;8544;4160;2451;3062;5051;0;33149;56417;3192929
16. september;6941;3506;2703;2753;4804;0;21720;42427;3235356
17. september*;4932;855;1281;856;2914;0;103;10941;3246297
18. september*;43;15;0;0;8;0;0;66;3246363
Total;678510;355094;175095;236956;379073;3921;1417714;3246363;3246363
