Dato;Hovedstaden;Sjælland;Syddanmark;Midtjylland;Nordjylland;Total
2020-03-01; 1; 0; 0; 0; 0; 1
2020-03-02; 0; 0; 0; 0; 0; 0
2020-03-03; 1; 0; 0; 0; 0; 1
2020-03-04; 0; 0; 0; 0; 0; 0
2020-03-05; 1; 0; 0; 0; 0; 1
2020-03-06; 3; 1; 0; 0; 0; 4
2020-03-07; 0; 0; 0; 0; 0; 0
2020-03-08; 3; 0; 0; 0; 0; 3
2020-03-09; 3; 6; 0; 0; 0; 9
2020-03-10; 6; 5; 1; 3; 0;15
2020-03-11; 4; 4; 2; 0; 0;10
2020-03-12; 3; 6; 1; 7; 1;18
2020-03-13;13; 2; 3; 7; 1;26
2020-03-14; 9; 5; 4; 3; 3;24
2020-03-15;18; 5; 3; 4; 3;33
2020-03-16;23;12; 5; 3; 2;45
2020-03-17;25; 8; 5; 6; 3;47
2020-03-18;21;13; 5; 4; 4;47
2020-03-19;30; 6; 6; 4; 6;52
2020-03-20;33;14;10; 5; 2;64
2020-03-21;14;10; 4; 4; 2;34
2020-03-22;22; 7; 3; 6; 2;40
2020-03-23;43;11;10;16; 5;85
2020-03-24;39;10;13;15; 8;85
2020-03-25;42;18;13;15; 6;94
2020-03-26;47;11;12;15; 7;92
2020-03-27;40;15;18;12; 5;90
2020-03-28;36;21;16;10; 8;91
2020-03-29;24; 9; 8; 4; 5;50
2020-03-30;47;17; 3;16; 1;84
2020-03-31;34; 8; 4; 9; 2;57
2020-04-01;31; 7;13; 6; 4;61
2020-04-02;39;13; 6;10; 5;73
2020-04-03;33; 8; 8;11;12;72
2020-04-04;27; 7; 0; 7; 3;44
2020-04-05;22; 5; 3; 2; 1;33
2020-04-06;29;10; 8; 4; 1;52
2020-04-07;34; 9; 7; 6; 0;56
2020-04-08;14; 5; 5; 3; 1;28
2020-04-09;18; 7; 1; 8; 0;34
2020-04-10;16; 7; 1; 6; 3;33
2020-04-11;17; 5; 5; 3; 1;31
2020-04-12;13; 5; 3; 4; 2;27
2020-04-13;18; 7; 1; 4; 0;30
2020-04-14;23; 8; 3;10; 1;45
2020-04-15;12;11; 1; 5; 1;30
2020-04-16;17; 6; 1; 9; 0;33
2020-04-17;13;10; 2; 2; 0;27
2020-04-18;15; 9; 1; 2; 0;27
2020-04-19;20; 9; 0; 4; 0;33
2020-04-20;16;11; 2; 4; 0;33
2020-04-21;18;13; 2; 5; 0;38
2020-04-22;14; 9; 3; 2; 0;28
2020-04-23;16;11; 1; 4; 0;32
2020-04-24; 9;10; 1; 2; 1;23
2020-04-25;18; 7; 0; 1; 1;27
2020-04-26;20; 2; 1; 3; 0;26
2020-04-27; 8;11; 0; 2; 0;21
2020-04-28;12; 2; 1; 0; 0;15
2020-04-29; 9; 4; 0; 1; 1;15
2020-04-30;10; 4; 0; 2; 0;16
2020-05-01; 9; 5; 1; 1; 0;16
2020-05-02;14; 5; 0; 5; 0;24
2020-05-03;13; 3; 0; 0; 0;16
2020-05-04; 8; 3; 0; 3; 0;14
2020-05-05; 8; 8; 0; 0; 0;16
2020-05-06; 4; 2; 0; 0; 0; 6
2020-05-07;11; 4; 0; 0; 0;15
2020-05-08; 6; 2; 1; 0; 0; 9
2020-05-09; 4; 3; 0; 3; 0;10
2020-05-10; 7; 2; 1; 0; 0;10
2020-05-11; 6; 1; 1; 0; 0; 8
2020-05-12; 6; 0; 0; 1; 0; 7
2020-05-13; 4; 2; 0; 0; 0; 6
2020-05-14; 9; 2; 2; 0; 0;13
2020-05-15; 5; 7; 4; 0; 1;17
2020-05-16; 1; 1; 2; 1; 0; 5
2020-05-17; 2; 0; 0; 1; 0; 3
2020-05-18; 9; 2; 1; 0; 0;12
