ugenr;Region Hovedstaden;Region Midtjylland;Region Nordjylland;Region Sj√¶lland;Region Syddanmark;Statens Serum Institut;Testcenter Danmark;Total;Kumulativ_total
Uge 5;1;0;0;0;0;2;0;3;3
Uge 6;2;2;0;0;0;0;1;5;8
Uge 7;3;0;0;0;0;1;0;4;12
Uge 8;1;0;0;0;0;11;0;12;24
Uge 9;39;118;0;0;0;334;0;491;515
Uge 10;285;321;85;95;72;140;0;998;1513
Uge 11;1678;1510;369;706;812;2;0;5077;6590
Uge 12;2727;1877;445;997;1578;34;0;7658;14248
Uge 13;4526;1462;732;1447;1862;541;0;10570;24818
Uge 14;12959;4807;2486;3358;5260;594;0;29464;54282
Uge 15;12660;5048;2620;2787;4817;457;56;28445;82727
Uge 16;12482;5307;2370;3022;5124;578;34;28917;111644
Uge 17;25031;13755;8639;11753;13630;573;6171;79552;191196
Uge 18;30163;18780;8061;13156;16512;342;15320;102334;293530
Uge 19;29076;13750;5449;11337;11905;158;15430;87105;380635
Uge 20;30904;15260;5839;10304;14004;61;11464;87836;468471
Uge 21;23950;11549;4677;8006;10928;16;25279;84405;552876
Uge 22;22548;10432;4193;7207;9626;22;36113;90141;643017
Uge 23;20420;9276;3810;7008;9237;8;26623;76382;719399
Uge 24;26045;12769;5412;8886;12661;15;31446;97234;816633
Uge 25;28665;13473;8123;9379;14318;6;40756;114720;931353
Uge 26;27265;13251;6865;9556;13690;5;44877;115509;1046862
Uge 27;23146;11303;5984;7159;11596;3;45392;104583;1151445
Uge 28;21402;10386;5751;6696;10786;3;44166;99190;1250635
Uge 29;20587;9706;5222;7065;11184;6;50472;104242;1354877
Uge 30;20026;9401;4780;6224;10429;0;58796;109656;1464533
Uge 31;21625;11357;5578;7358;11810;0;76932;134660;1599193
Uge 32;25873;16411;7093;8963;15229;0;99497;173066;1772259
Uge 33;30874;20376;9254;11341;18397;0;129235;219477;1991736
Uge 34;35157;24226;12620;14624;27251;9;132059;245946;2237682
Uge 35;41402;25667;13119;15977;30761;0;119735;246661;2484343
Uge 36;43566;25321;12982;15866;32318;0;129044;259097;2743440
Uge 37;53944;25344;13673;17025;35044;8;191361;336399;3079839
Uge 38;50841;25404;14905;15618;30623;0;221114;358505;3438344
Uge 39;50199;28611;13662;15240;30863;0;217562;356137;3794481
Uge 40;40462;23719;10617;12654;24454;0;200863;312769;4107250
Uge 41;34915;20126;8720;10833;21834;0;205827;302255;4409505
12. oktober;4974;2950;1283;1447;3172;0;27413;41239;4450744
13. oktober;4497;2533;1095;1233;2590;0;24661;36609;4487353
14. oktober;4316;2123;1046;1144;2508;0;24388;35525;4522878
15. oktober*;3319;1190;886;625;1980;0;3356;11356;4534234
16. oktober*;40;13;0;1;4;0;0;58;4534292
Total;842595;448914;218445;286097;478869;3929;2255443;4534292;4534292
